Iteration:1
---------------------------
The selected weak classifier: x < 0.25512799620628357
The G error value of Ht:0.4326
The weights Ct+, Ct-:1.2425,-0.1915
The probabilities normalization factor Zt:0.8652
The probabilities after normalization:	0.0067	0.0801	0.0067	0.0067	0.0067	0.0067	0.0067	0.0067	0.0067	0.0067	0.0067	0.0067	0.0067	0.0191	0.028	0.0191	0.0191	0.028	0.028	0.0191	0.0191	0.028	0.028	0.0191	0.028	0.0191	0.0191	0.028	0.028	0.028	0.0191	0.0191	0.0191	0.0191	0.0191	0.0191	0.0191	0.0191	0.0191	0.028	0.0191	0.0191	0.028	0.028	0.0191	0.028	0.0191	0.028	0.028	0.0191
The values ft(xi) for each one of the examples:	1.2425	1.2425	1.2425	1.2425	1.2425	1.2425	1.2425	1.2425	1.2425	1.2425	1.2425	1.2425	1.2425	-0.1915	-0.1915	-0.1915	-0.1915	-0.1915	-0.1915	-0.1915	-0.1915	-0.1915	-0.1915	-0.1915	-0.1915	-0.1915	-0.1915	-0.1915	-0.1915	-0.1915	-0.1915	-0.1915	-0.1915	-0.1915	-0.1915	-0.1915	-0.1915	-0.1915	-0.1915	-0.1915	-0.1915	-0.1915	-0.1915	-0.1915	-0.1915	-0.1915	-0.1915	-0.1915	-0.1915	-0.1915
The bound on Et:0.8652


Iteration:2
---------------------------
The selected weak classifier: x < -0.14222300052642822
The G error value of Ht:0.4786
The weights Ct+, Ct-:-1.2406,0.0806
The probabilities normalization factor Zt:0.9573
The probabilities after normalization:	0.0242	0.0242	0.0065	0.0065	0.0065	0.0065	0.0065	0.0065	0.0065	0.0065	0.0065	0.0065	0.0065	0.0216	0.027	0.0216	0.0216	0.027	0.027	0.0216	0.0216	0.027	0.027	0.0216	0.027	0.0216	0.0216	0.027	0.027	0.027	0.0216	0.0216	0.0216	0.0216	0.0216	0.0216	0.0216	0.0216	0.0216	0.027	0.0216	0.0216	0.027	0.027	0.0216	0.027	0.0216	0.027	0.027	0.0216
The values ft(xi) for each one of the examples:	-1.2406	-1.2406	0.0806	0.0806	0.0806	0.0806	0.0806	0.0806	0.0806	0.0806	0.0806	0.0806	0.0806	0.0806	0.0806	0.0806	0.0806	0.0806	0.0806	0.0806	0.0806	0.0806	0.0806	0.0806	0.0806	0.0806	0.0806	0.0806	0.0806	0.0806	0.0806	0.0806	0.0806	0.0806	0.0806	0.0806	0.0806	0.0806	0.0806	0.0806	0.0806	0.0806	0.0806	0.0806	0.0806	0.0806	0.0806	0.0806	0.0806	0.0806
The bound on Et:0.82825596


Iteration:3
---------------------------
The selected weak classifier: x < 0.751757025718689
The G error value of Ht:0.4796
The weights Ct+, Ct-:0.271,-0.3121
The probabilities normalization factor Zt:0.9593
The probabilities after normalization:	0.0193	0.033	0.0052	0.0052	0.0052	0.0052	0.0052	0.0052	0.0052	0.0052	0.0052	0.0052	0.0052	0.0295	0.0215	0.0295	0.0295	0.0215	0.0215	0.0295	0.0295	0.0215	0.0215	0.0295	0.0215	0.0295	0.0295	0.0215	0.0215	0.0215	0.0165	0.0165	0.0165	0.0165	0.0165	0.0165	0.0165	0.0165	0.0165	0.0385	0.0165	0.0165	0.0385	0.0385	0.0165	0.0385	0.0165	0.0385	0.0385	0.0165
The values ft(xi) for each one of the examples:	0.271	0.271	0.271	0.271	0.271	0.271	0.271	0.271	0.271	0.271	0.271	0.271	0.271	0.271	0.271	0.271	0.271	0.271	0.271	0.271	0.271	0.271	0.271	0.271	0.271	0.271	0.271	0.271	0.271	0.271	-0.3121	-0.3121	-0.3121	-0.3121	-0.3121	-0.3121	-0.3121	-0.3121	-0.3121	-0.3121	-0.3121	-0.3121	-0.3121	-0.3121	-0.3121	-0.3121	-0.3121	-0.3121	-0.3121	-0.3121
The bound on Et:0.794545942428


Iteration:4
---------------------------
The selected weak classifier: x < 1.0827505588531494
The G error value of Ht:0.4704
The weights Ct+, Ct-:-0.1893,0.6791
The probabilities normalization factor Zt:0.9408
The probabilities after normalization:	0.0248	0.029	0.0067	0.0067	0.0067	0.0067	0.0067	0.0067	0.0067	0.0067	0.0067	0.0067	0.0067	0.0259	0.0276	0.0259	0.0259	0.0276	0.0276	0.0259	0.0259	0.0276	0.0276	0.0259	0.0276	0.0259	0.0259	0.0276	0.0276	0.0276	0.0146	0.0146	0.0146	0.0146	0.0146	0.0146	0.0146	0.0146	0.0146	0.0494	0.0146	0.0146	0.0207	0.0207	0.0345	0.0207	0.0345	0.0207	0.0207	0.0345
The values ft(xi) for each one of the examples:	-0.1893	-0.1893	-0.1893	-0.1893	-0.1893	-0.1893	-0.1893	-0.1893	-0.1893	-0.1893	-0.1893	-0.1893	-0.1893	-0.1893	-0.1893	-0.1893	-0.1893	-0.1893	-0.1893	-0.1893	-0.1893	-0.1893	-0.1893	-0.1893	-0.1893	-0.1893	-0.1893	-0.1893	-0.1893	-0.1893	-0.1893	-0.1893	-0.1893	-0.1893	-0.1893	-0.1893	-0.1893	-0.1893	-0.1893	-0.1893	-0.1893	-0.1893	0.6791	0.6791	0.6791	0.6791	0.6791	0.6791	0.6791	0.6791
The bound on Et:0.7475088226362624


Iteration:5
---------------------------
The selected weak classifier: x < 2.104719638824463
The G error value of Ht:0.4825
The weights Ct+, Ct-:0.0352,-6.3757
The probabilities normalization factor Zt:0.965
The probabilities after normalization:	0.0248	0.0311	0.0067	0.0067	0.0067	0.0067	0.0067	0.0067	0.0067	0.0067	0.0067	0.0067	0.0067	0.0278	0.0276	0.0278	0.0278	0.0276	0.0276	0.0278	0.0278	0.0276	0.0276	0.0278	0.0276	0.0278	0.0278	0.0276	0.0276	0.0276	0.0156	0.0156	0.0156	0.0156	0.0156	0.0156	0.0156	0.0156	0.0156	0.0494	0.0156	0.0156	0.0207	0.0207	0.037	0.0207	0.037	0.0207	0.0207	1.0E-4
The values ft(xi) for each one of the examples:	0.0352	0.0352	0.0352	0.0352	0.0352	0.0352	0.0352	0.0352	0.0352	0.0352	0.0352	0.0352	0.0352	0.0352	0.0352	0.0352	0.0352	0.0352	0.0352	0.0352	0.0352	0.0352	0.0352	0.0352	0.0352	0.0352	0.0352	0.0352	0.0352	0.0352	0.0352	0.0352	0.0352	0.0352	0.0352	0.0352	0.0352	0.0352	0.0352	0.0352	0.0352	0.0352	0.0352	0.0352	0.0352	0.0352	0.0352	0.0352	0.0352	-6.3757
The bound on Et:0.7213460138439932


Iteration:6
---------------------------
The selected weak classifier: x < 1.3535785675048828
The G error value of Ht:0.4804
The weights Ct+, Ct-:-0.0425,3.0124
The probabilities normalization factor Zt:0.9607
The probabilities after normalization:	0.027	0.031	0.0073	0.0073	0.0073	0.0073	0.0073	0.0073	0.0073	0.0073	0.0073	0.0073	0.0073	0.0277	0.03	0.0277	0.0277	0.03	0.03	0.0277	0.0277	0.03	0.03	0.0277	0.03	0.0277	0.0277	0.03	0.03	0.03	0.0156	0.0156	0.0156	0.0156	0.0156	0.0156	0.0156	0.0156	0.0156	0.0536	0.0156	0.0156	0.0225	0.0225	0.037	0.0225	0.037	0.001	0.001	0.0021
The values ft(xi) for each one of the examples:	-0.0425	-0.0425	-0.0425	-0.0425	-0.0425	-0.0425	-0.0425	-0.0425	-0.0425	-0.0425	-0.0425	-0.0425	-0.0425	-0.0425	-0.0425	-0.0425	-0.0425	-0.0425	-0.0425	-0.0425	-0.0425	-0.0425	-0.0425	-0.0425	-0.0425	-0.0425	-0.0425	-0.0425	-0.0425	-0.0425	-0.0425	-0.0425	-0.0425	-0.0425	-0.0425	-0.0425	-0.0425	-0.0425	-0.0425	-0.0425	-0.0425	-0.0425	-0.0425	-0.0425	-0.0425	-0.0425	-0.0425	3.0124	3.0124	3.0124
The bound on Et:0.6929971154999243


Iteration:7
---------------------------
The selected weak classifier: x < 0.751757025718689
The G error value of Ht:0.4833
The weights Ct+, Ct-:0.2006,-0.3496
The probabilities normalization factor Zt:0.9667
The probabilities after normalization:	0.0229	0.0392	0.0062	0.0062	0.0062	0.0062	0.0062	0.0062	0.0062	0.0062	0.0062	0.0062	0.0062	0.0351	0.0253	0.0351	0.0351	0.0253	0.0253	0.0351	0.0351	0.0253	0.0253	0.0351	0.0253	0.0351	0.0351	0.0253	0.0253	0.0253	0.0114	0.0114	0.0114	0.0114	0.0114	0.0114	0.0114	0.0114	0.0114	0.0786	0.0114	0.0114	0.033	0.033	0.027	0.033	0.027	0.0014	0.0014	0.0016
The values ft(xi) for each one of the examples:	0.2006	0.2006	0.2006	0.2006	0.2006	0.2006	0.2006	0.2006	0.2006	0.2006	0.2006	0.2006	0.2006	0.2006	0.2006	0.2006	0.2006	0.2006	0.2006	0.2006	0.2006	0.2006	0.2006	0.2006	0.2006	0.2006	0.2006	0.2006	0.2006	0.2006	-0.3496	-0.3496	-0.3496	-0.3496	-0.3496	-0.3496	-0.3496	-0.3496	-0.3496	-0.3496	-0.3496	-0.3496	-0.3496	-0.3496	-0.3496	-0.3496	-0.3496	-0.3496	-0.3496	-0.3496
The bound on Et:0.6699203115537767


Iteration:8
---------------------------
The selected weak classifier: x < 0.9666240215301514
The G error value of Ht:0.486
The weights Ct+, Ct-:-0.1409,0.4167
The probabilities normalization factor Zt:0.9719
The probabilities after normalization:	0.0272	0.035	0.0073	0.0073	0.0073	0.0073	0.0073	0.0073	0.0073	0.0073	0.0073	0.0073	0.0073	0.0314	0.0299	0.0314	0.0314	0.0299	0.0299	0.0314	0.0314	0.0299	0.0299	0.0314	0.0299	0.0314	0.0314	0.0299	0.0299	0.0299	0.0102	0.0102	0.0102	0.0102	0.0102	0.0102	0.0102	0.0102	0.0102	0.0533	0.0178	0.0178	0.0224	0.0224	0.0422	0.0224	0.0422	9.0E-4	9.0E-4	0.0025
The values ft(xi) for each one of the examples:	-0.1409	-0.1409	-0.1409	-0.1409	-0.1409	-0.1409	-0.1409	-0.1409	-0.1409	-0.1409	-0.1409	-0.1409	-0.1409	-0.1409	-0.1409	-0.1409	-0.1409	-0.1409	-0.1409	-0.1409	-0.1409	-0.1409	-0.1409	-0.1409	-0.1409	-0.1409	-0.1409	-0.1409	-0.1409	-0.1409	-0.1409	-0.1409	-0.1409	-0.1409	-0.1409	-0.1409	-0.1409	-0.1409	-0.1409	0.4167	0.4167	0.4167	0.4167	0.4167	0.4167	0.4167	0.4167	0.4167	0.4167	0.4167
The bound on Et:0.6510955507991156


Iteration:9
---------------------------
The selected weak classifier: x < 1.251541018486023
The G error value of Ht:0.485
The weights Ct+, Ct-:0.0434,-1.6061
The probabilities normalization factor Zt:0.9699
The probabilities after normalization:	0.0268	0.0377	0.0072	0.0072	0.0072	0.0072	0.0072	0.0072	0.0072	0.0072	0.0072	0.0072	0.0072	0.0338	0.0295	0.0338	0.0338	0.0295	0.0295	0.0338	0.0338	0.0295	0.0295	0.0338	0.0295	0.0338	0.0338	0.0295	0.0295	0.0295	0.011	0.011	0.011	0.011	0.011	0.011	0.011	0.011	0.011	0.0526	0.0192	0.0192	0.0221	0.0221	0.0455	0.0221	0.0088	0.0046	0.0046	5.0E-4
The values ft(xi) for each one of the examples:	0.0434	0.0434	0.0434	0.0434	0.0434	0.0434	0.0434	0.0434	0.0434	0.0434	0.0434	0.0434	0.0434	0.0434	0.0434	0.0434	0.0434	0.0434	0.0434	0.0434	0.0434	0.0434	0.0434	0.0434	0.0434	0.0434	0.0434	0.0434	0.0434	0.0434	0.0434	0.0434	0.0434	0.0434	0.0434	0.0434	0.0434	0.0434	0.0434	0.0434	0.0434	0.0434	0.0434	0.0434	0.0434	0.0434	-1.6061	-1.6061	-1.6061	-1.6061
The bound on Et:0.6314975747200623


Iteration:10
---------------------------
The selected weak classifier: x < -0.1893804967403412
The G error value of Ht:0.4864
The weights Ct+, Ct-:6.2494,-0.0283
The probabilities normalization factor Zt:0.9727
The probabilities after normalization:	1.0E-4	0.0376	0.0076	0.0076	0.0076	0.0076	0.0076	0.0076	0.0076	0.0076	0.0076	0.0076	0.0076	0.0338	0.0312	0.0338	0.0338	0.0312	0.0312	0.0338	0.0338	0.0312	0.0312	0.0338	0.0312	0.0338	0.0338	0.0312	0.0312	0.0312	0.011	0.011	0.011	0.011	0.011	0.011	0.011	0.011	0.011	0.0556	0.0192	0.0192	0.0233	0.0233	0.0454	0.0233	0.0088	0.0048	0.0048	5.0E-4
The values ft(xi) for each one of the examples:	6.2494	-0.0283	-0.0283	-0.0283	-0.0283	-0.0283	-0.0283	-0.0283	-0.0283	-0.0283	-0.0283	-0.0283	-0.0283	-0.0283	-0.0283	-0.0283	-0.0283	-0.0283	-0.0283	-0.0283	-0.0283	-0.0283	-0.0283	-0.0283	-0.0283	-0.0283	-0.0283	-0.0283	-0.0283	-0.0283	-0.0283	-0.0283	-0.0283	-0.0283	-0.0283	-0.0283	-0.0283	-0.0283	-0.0283	-0.0283	-0.0283	-0.0283	-0.0283	-0.0283	-0.0283	-0.0283	-0.0283	-0.0283	-0.0283	-0.0283
